11101001 00001101 00000001 01100000 00010000 00000000 00000000 00000000 01000001 01100101 10101011 00101000 00010000 00000000 00000000 00000000 01000000 01111100 01101110 01101001 00010000
11101001 00001101 00000001 01100000 00010000 00000000 00000000 00000000 00000000 00000000 00000000 00000000 00000000 00000000 00000000 00000000 01000000 01111100 01101110 01101001 00010000 
11101001 00001101 00000001 01100000 00010000 00000000 00000000 00000000 00000000 00000000 00000000 00000000 00000000 00000000 00000000 00000000 01000000 01111100 01101110 01101001 00010000 
11101001 00001101 00000001 01100000 00010000 00000000 00000000 00000000 10000001 00000010 01111011 11111011 00001111 00000000 00000000 00000000 01000000 01111100 01101110 01101001 00010000 
00000000000000000000000000000000
11101001 00001101 00000001 01100000 00010000 00000000 00000000 01000000 00000000 10101000 10110001 00101000 00010000 00000000 00000000 00000000 01000000 01111100 01101110 01101001 00010000 
00000000000000000000000000000001
11101001 00001101 00000001 01100000 00010000 00000000 00000000 10000000 01000000 01100101 10101011 00101000 00010000 00000000 00000000 00000000 01000000 01111100 01101110 01101001 00010000 
00000000000000000000000000000010
11101001 00001101 00000001 01100000 00010000 00000000 00000000 00000000 00000001 10101000 10110001 00101000 00010000 00000000 00000000 00000000 01000000 01111100 01101110 01101001 00010000 
11101001 00001101 00000001 01100000 00010000 00000000 00000000 00000000 00000001 11010100 00010101 00101001 00010000 00000000 00000000 00000000 01000000 01111100 01101110 01101001 00010000
00000000000000000000000000000100
11101001 00001101 00000001 01100000 00010000 00000000 00000000 00000000 10000010 01101111 01010100 00101001 00010000 00000000 00000000 00000000 01000000 01111100 01101110 01101001 00010000 
00000000000000000000000000001000
11101001 00001101 00000001 01100000 00010000 00000000 00000000 00000000 01000100 01100101 10101011 00101000 00010000 00000000 00000000 00000000 01000000 01111100 01101110 01101001 00010000 
00000000000000000000000000010000
11101001 00001101 00000001 01100000 00010000 00000000 00000000 00000000 01001000 01100101 10101011 00101000 00010000 00000000 00000000 00000000 01000000 01111100 01101110 01101001 00010000 
00000000000000000000000000100000
11101001 00001101 00000001 01100000 00010000 00000000 00000000 00000000 00010000 10101000 10110001 00101000 00010000 00000000 00000000 00000000 01000000 01111100 01101110 01101001 00010000 
00000000000000000000000001000000
11101001 00001101 00000001 01100000 00010000 00000000 00000000 00000000 00100000 00000000 00000000 00000000 00000000 00000000 00000000 00000000 01000000 01111100 01101110 01101001 00010000 
00000000000000000000000010000000
11101001 00001101 00000001 01100000 00010000 00000000 01000000 00000000 00000000 10101000 10110001 00101000 00010000 00000000 00000000 00000000 01000000 01111100 01101110 01101001 00010000 
00000000000000000000000100000000
11101001 00001101 00000001 01100000 00010000 00000000 10000000 00000000 00000000 10101000 10110001 00101000 00010000 00000000 00000000 00000000 01000000 01111100 01101110 01101001 00010000 
00000000000000000000001000000000
11101001 00001101 00000001 01100000 00010000 00000000 00000000 00000001 10000000 01101111 01010100 00101001 00010000 00000000 00000000 00000000 01000000 01111100 01101110 01101001 00010000 
00000000000000000000010000000000
11101001 00001101 00000001 01100000 00010000 00000000 00000000 00000010 00000000 10101000 10110001 00101000 00010000 00000000 00000000 00000000 01000000 01111100 01101110 01101001 00010000 
00000000000000000000100000000000
11101001 00001101 00000001 01100000 00010000 00000000 00000000 00000100 01000000 01100101 10101011 00101000 00010000 00000000 00000000 00000000 01000000 01111100 01101110 01101001 00010000 
00000000000000000001000000000000
11101001 00001101 00000001 01100000 00010000 00000000 00000000 00001000 01000000 01111011 11011101 00101000 00010000 00000000 00000000 00000000 01000000 01111100 01101110 01101001 00010000
00000000000000000010000000000000
11101001 00001101 00000001 01100000 00010000 00000000 00000000 00010000 00000000 10101000 10110001 00101000 00010000 00000000 00000000 00000000 01000000 01111100 01101110 01101001 00010000 
00000000000000000100000000000000
11101001 00001101 00000001 01100000 00010000 00000000 00000000 00100000 00000000 10111110 11100011 00101000 00010000 00000000 00000000 00000000 01000000 01111100 01101110 01101001 00010000 
00000000000000001000000000000000
11101001 00001101 00000001 01100000 00010000 10000000 00000000 00000000 10000000 10100110 11010001 00101001 00010000 00000000 00000000 00000000 01000000 01111100 01101110 01101001 00010000 
00000000000000100000000000000000
11101001 00001101 00000001 01100000 00010000 00000000 00000001 00000000 01000000 01111011 11011101 00101000 00010000 00000000 00000000 00000000 01000000 01111100 01101110 01101001 00010000 
00000000000001000000000000000000
11101001 00001101 00000001 01100000 00010000 00000000 00000010 00000000 00000000 10101000 10110001 00101000 00010000 00000000 00000000 00000000 01000000 01111100 01101110 01101001 00010000 
00000000000010000000000000000000
11101001 00001101 00000001 01100000 00010000 00000000 00000100 00000000 00000000 10111110 11100011 00101000 00010000 00000000 00000000 00000000 01000000 01111100 01101110 01101001 00010000 
00000000000100000000000000000000
11101001 00001101 00000001 01100000 00010000 00000000 00001000 00000000 01000000 01100101 10101011 00101000 00010000 00000000 00000000 00000000 01000000 01111100 01101110 01101001 00010000 
00000000001000000000000000000000
11101001 00001101 00000001 01100000 00010000 00000000 00010000 00000000 00000000 11010100 00010101 00101001 00010000 00000000 00000000 00000000 01000000 01111100 01101110 01101001 00010000 
00000000010000000000000000000000
11101001 00001101 00000001 01100000 00010000 00000000 00100000 00000000 00000000 10101000 10110001 00101000 00010000 00000000 00000000 00000000 01000000 01111100 01101110 01101001 00010000 
00000000100000000000000000000000
11101001 00001101 00000001 01100000 01010000 00000000 00000000 00000000 00000000 10101000 10110001 00101000 00010000 00000000 00000000 00000000 01000000 01111100 01101110 01101001 00010000
00000001000000000000000000000000
11101001 00001101 00000001 01100000 10010000 00000000 00000000 00000000 01000000 01100101 10101011 00101000 00010000 00000000 00000000 00000000 01000000 01111100 01101110 01101001 00010000 
00000010000000000000000000000000
11101001 00001101 00000001 01100000 00010000 00000001 00000000 00000000 01000000 01100101 10101011 00101000 00010000 00000000 00000000 00000000 01000000 01111100 01101110 01101001 00010000 
00000100000000000000000000000000
11101001 00001101 00000001 01100000 00010000 00000010 00000000 00000000 00000000 10111110 11100011 00101000 00010000 00000000 00000000 00000000 01000000 01111100 01101110 01101001 00010000 
00001000000000000000000000000000
11101001 00001101 00000001 01100000 00010000 00000100 00000000 00000000 00000000 10101000 10110001 00101000 00010000 00000000 00000000 00000000 01000000 01111100 01101110 01101001 00010000
00010000000000000000000000000000
11101001 00001101 00000001 01100000 00010000 00001000 00000000 00000000 01000000 01100101 10101011 00101000 00010000 00000000 00000000 00000000 01000000 01111100 01101110 01101001 00010000 
00100000000000000000000000000000
11101001 00001101 00000001 01100000 00010000 00010000 00000000 00000000 00000000 11010100 00010101 00101001 00010000 00000000 00000000 00000000 01000000 01111100 01101110 01101001 00010000 
01000000000000000000000000000000
11101001 00001101 00000001 01100000 00010000 00100000 00000000 00000000 10000000 01101111 01010100 00101001 00010000 00000000 00000000 00000000 01000000 01111100 01101110 01101001 00010000 

10000000000000000000000000000000

32 


00010000 00000000 00000000 00000000 00000000  
00010000 00000000 00000000 01000000 00000000  
00010000 00000000 00000000 10000000 01000000  
00010000 00000000 00000000 00000000 00000001  
00010000 00000000 00000000 00000000 10000010  
00010000 00000000 00000000 00000000 01000100  
00010000 00000000 00000000 00000000 01001000  
00010000 00000000 00000000 00000000 00010000  
00010000 00000000 00000000 00000000 00100000  
00010000 00000000 01000000 00000000 00000000  
00010000 00000000 10000000 00000000 00000000  
00010000 00000000 00000000 00000001 10000000  
00010000 00000000 00000000 00000010 00000000  
00010000 00000000 00000000 00000100 01000000  
00010000 00000000 00000000 00001000 01000000 
00010000 00000000 00000000 00010000 00000000  
00010000 00000000 00000000 00100000 00000000  
00010000 10000000 00000000 00000000 10000000  
00010000 00000000 00000001 00000000 01000000  
00010000 00000000 00000010 00000000 00000000  
00010000 00000000 00000100 00000000 00000000  
00010000 00000000 00001000 00000000 01000000  
00010000 00000000 00010000 00000000 00000000  
00010000 00000000 00100000 00000000 00000000  
01010000 00000000 00000000 00000000 00000000 
10010000 00000000 00000000 00000000 01000000  
00010000 00000001 00000000 00000000 01000000  
00010000 00000010 00000000 00000000 00000000  
00010000 00000100 00000000 00000000 00000000 
00010000 00001000 00000000 00000000 01000000  
00010000 00010000 00000000 00000000 00000000  
00010000 00100000 00000000 00000000 10000000 