10111111
00000000
00101100
00000001
00000000
10101100
00000100
01001111
01101111
00001000
01000000
01100001
00000010
00000000
00001010
10000010
00000000
00000000
00000000
00000000
00000000
00000000
00000000
00000000
01010000
00010000
10000100
00000000
11011001
01100010
00000000
01001000
00000000
00000000
10000000
10000010
00100000
00001000
11111100
11011011
00000000
00000000
00110010
00000000
00000000
00010100
00000100
01100001
01100000
01011010
00011011
00000000
10101001
00000001
00000000
10100000
00100000
00001000
00000100
01001101
01011110
00000000
11110101
00000001
00000000
00000000
00000101
01000001
00101000
11100000
10101011
00000011
00001000
00001011
00000000
00000000
00101000
00001000
10000010
00000001
11011101
00111011
10000000
00111110
00000000
00000000
01000000
01000001
00010000
00001110
10011000
10111100
00000000
11110100
00000001
00000000
00000000
00001010
10000010
10000000
10110000
01000010
00000100
11010000
00000111
00000000
00000000
01010000
00010000
10000100
10000100
10110101
00101100
00000000
00001001
00000000
00000000
10000000
10000010
00100000
00101000
01010000
00110110
00000001
11110100
00000001
00000000
00000000
00010100
00000100
01100001
01100001
11001001
00001011
01000000
00000010
00000000
00000000
10100000
00100000
00001000
00001100
00110010
01110001
00000000
10000011
00000001
00000000
00000000
00000101
01000001
01101000
10111000
11010011
00000011
11110000
00011110
00000000
00000000
00101000
00001000
10000010
11000011
11011000
00100001
10000000
00000010
00000000
00000000
01000000
01000001
00010000
00011110
10011010
10010010
00000000
10111100
00000010
00000000
00000000
00001010
10000010
00000000
10000001
01110111
00001010
10100000
00100000
00000000
00000000
00000000
