2900f447e2012c0100d8014f6f084080	0508040e45585858585858585858585858585818000c0c0c0c
290076b8e2012c010096014f6f084080	0508040e85989898989898989898989898989818000c0c0c0c


2000774205022c01004c064f6f084080050804ce4290d818599919008c0c0c0c
2900e5421d092c010076d74f6f084080	0508040e4598d8185999d9195a9ada1a5b9bdb1b000c0c0c0c

2900f447e2012c0100d8014f6f084080	0508040e45585858585858585858585858585818000c0c0c0c
20008d43e5012c01002e024f6f084080	050804ce02307870b8b038000c0c0c0c

00000101
00001000
00000100
00001110

01000101
01011000
01011000
01011000
01011000
01011000
01011000
01011000
01011000
01011000
01011000
01011000
01011000
01011000
01011000
00011000
00000000
00001100
00001100
00001100
00001100

0508040e85989898989898989898989898989818000c0c0c0c
00000101
00001000
00000100
00001110
10000101
10011000
10011000
10011000
10011000
10011000
10011000
10011000
10011000
10011000
10011000
10011000
10011000
10011000
10011000
00011000
00000000
00001100
00001100
00001100
00001100

00000101
00001000
00000100
00001110
01000101
10011000
11011000
00011000
01011001
10011001
11011001
00011001
01011010
10011010
11011010
00011010
01011011
10011011
11011011
00011011
00000000
00001100
00001100
00001100
00001100


00000101
00001000
00000100
11001110

00000010
00110000
01111000
01110000
10111000
10110000
00111000
00000000
00001100
00001100
00001100
00001100

88c98ccd90d100c40000
10001000
11001001
10001100
11001101
10010000
11010001
00000000
11000100
00000000
00000000