MALE
default
00000000
00001100
00001100
00001100
00001100
default face up
01000000
00001100
00001100
00001100
00001100
default face up 2
10000000
00001100
00001100
00001100
00001100
face up 3
11000000
00001100
00001100
00001100
00001100
up4
00000000
00001101
00001100
00001100
00001100
tatt 5
00000000
00001100
00001100
01001100
00001100
tatt 3
00000000
00001100
00001100
11001100
00001100

FEMALE
default
00000000
11110100
11110011
11110011
00110011
face 1
11000000
11110011
11110011
11110011
00110011
tatt 4
00000000
11110100
11110011
00110011
00110011
