первая комната -1106.59 4501.65 1904.55     -1093.35 .. 1895.38
колонна 1103.5 1099.9 1096.49 z 1897.32 1899.92 1902.60 ширина 1895.40 1895.05
арка -1106.9 1901.82  -1106.88 1898.37

коридор -1107.65 1898.60    1901.41            -1125.43 1901.40 1898.59

вторая комната -1126.50 1895.08           -1133.49 1904.86
постамент  -1129.59 1899.12      -1130.62 1900.50
коридор -1134.86  1898.60   1901.39        угол  -1143.49  1901.86       -1146.61 1898.64  выход   -1146.39  1907.53  -1143.59

третья комната  -1149.93 1908.71   -1140.40 1921.60
коридор -1146.40 1922.54  -1143.60     угол -1143.28 1928.36   -1144.41  1931.4     выход  -1134.65  1931.4  1928.59

четвертая комната -1133.49  1934.75  -1126.5  1925.29
коридор -1125.19 1931.40  1928.6                -1119.63 1931.38  1928.60

пятая комната -1119.1 1934.68   -1113.1 1925.3
коридор -1112.50 1931.40     1928.59   угол -1101.59  1931.78    -1098.77 1928.78 выход -1101.39 1937.55  -1098.60

шестая комната  -1104.65 1938.71     -1095.40 1951.38